87118
111290
123833
142134
162504
189717
208117
242148
283866
263545
307236
294462
343533
369280
466476
412213
443251
435131
531338
494947
512693
531173
551554
617214
599508
647502
616883
695728
711396
701617
727096
778070
786109
836229
820317
836765
882239
991984
926310
946502
960866
1029946
1088692
1029601
1080120
1099411
1131903
1199120
1165916
1226449
1242367
1301711
1318289
1347364
1344608
1388666
1376318
1617737
1444685
1481611
1499096
1554786
1605673
1585666
1672240
1687227
1744192
1744170
1847451
